      1 1.00
      1 10048.00
      1 10064.00
      1 10098.00
      1 10168.00
      1 10204.00
      1 10238.00
      1 10255.00
      1 10266.00
      1 10288.00
      1 10318.00
      1 10343.00
      1 10395.00
      1 10472.00
      1 1052.00
      1 1054.00
      1 10548.00
      1 10591.00
      1 10664.00
      1 10692.00
      1 10720.00
      1 10787.00
      1 10901.00
      1 10918.00
      1 1092.00
      1 10920.00
      1 10999.00
      1 1105.00
      1 11067.00
      1 11116.00
      1 11186.00
      1 112.00
      1 1121.00
      1 1122.00
      1 11283.00
      1 11284.00
      1 113.00
      1 1134.00
      1 11360.00
      1 11400.00
      1 11406.00
      1 11432.00
      1 1144.00
      1 11466.00
      1 11467.00
      1 11520.00
      1 1159.00
      1 11653.00
      1 11718.00
      1 11720.00
      1 11725.00
      1 11743.00
      1 11748.00
      1 11812.00
      1 11832.00
      1 12006.00
      1 1207.00
      1 12107.00
      1 1215.00
      1 12210.00
      1 1234.00
      1 12354.00
      1 12407.00
      1 125.00
      1 12528.00
      1 1258.00
      1 12617.00
      1 1275.00
      1 1280.00
      1 1281.00
      1 12992.00
      1 1300.00
      1 13066.00
      1 1312.00
      1 1318.00
      1 1320.00
      1 1332.00
      1 13394.00
      1 1348.00
      1 13550.00
      1 13616.00
      1 1365.00
      1 13673.00
      1 13685.00
      1 1380.00
      1 13800.00
      1 13818.00
      1 1389.00
      1 13890.00
      1 139.00
      1 13920.00
      1 1398.00
      1 13982.00
      1 14048.00
      1 1408.00
      1 1425.00
      1 1443.00
      1 145.00
      1 14520.00
      1 14584.00
      1 14599.00
      1 1460.00
      1 14620.00
      1 1480.00
      1 14863.00
      1 1495.00
      1 14960.00
      1 14990.00
      1 15004.00
      1 1520.00
      1 15318.00
      1 15392.00
      1 155.00
      1 15589.00
      1 1569.00
      1 1570.00
      1 15726.00
      1 15827.00
      1 15840.00
      1 15847.00
      1 15984.00
      1 15996.00
      1 1612.00
      1 16146.00
      1 16184.00
      1 16244.00
      1 16368.00
      1 1647.00
      1 165.00
      1 1667.00
      1 1675.00
      1 16761.00
      1 17243.00
      1 173.00
      1 1730.00
      1 17346.00
      1 17580.00
      1 17640.00
      1 177.00
      1 1796.00
      1 1798.00
      1 182.00
      1 18874.00
      1 18875.00
      1 19052.00
      1 1908.00
      1 1909.00
      1 1925.00
      1 19271.00
      1 1932.00
      1 19351.00
      1 19397.00
      1 1943.00
      1 1945.00
      1 19516.00
      1 1956.00
      1 19563.00
      1 1984.00
      1 19873.00
      1 199.00
      1 19957.00
      1 201.00
      1 20111.00
      1 2016.00
      1 20176.00
      1 20329.00
      1 20367.00
      1 2037.00
      1 2044.00
      1 205.00
      1 2050.00
      1 206.00
      1 2070.00
      1 2080.00
      1 2093.00
      1 21164.00
      1 213.00
      1 21312.00
      1 2150.00
      1 21528.00
      1 21529.00
      1 219.00
      1 2198.00
      1 2204.00
      1 2217.00
      1 2229.00
      1 2231.00
      1 2260.00
      1 22630.00
      1 22635.00
      1 23.00
      1 230.00
      1 23063.00
      1 23210.00
      1 23215.00
      1 2328.00
      1 2329.00
      1 2332.00
      1 2364.00
      1 2379.00
      1 24083.00
      1 2414.00
      1 24236.00
      1 24419.00
      1 2450.00
      1 2468.00
      1 2479.00
      1 2482.00
      1 2484.00
      1 249.00
      1 25025.00
      1 2509.00
      1 251.00
      1 2512.00
      1 2517.00
      1 2518.00
      1 2520.00
      1 2521.00
      1 25502.00
      1 25605.00
      1 2568.00
      1 2582.00
      1 2590.00
      1 2598.00
      1 2604.00
      1 2627.00
      1 2628.00
      1 265.00
      1 268.00
      1 2682.00
      1 2727.00
      1 2737.00
      1 274.00
      1 2742.00
      1 2743.00
      1 2745.00
      1 2749.00
      1 2750.00
      1 2754.00
      1 280.00
      1 2841.00
      1 285.00
      1 2920.00
      1 2954.00
      1 296.00
      1 2973.00
      1 3000.00
      1 3003.00
      1 3020.00
      1 303.00
      1 307.00
      1 3104.00
      1 3182.00
      1 3200.00
      1 3201.00
      1 3239.00
      1 324.00
      1 3244.00
      1 3250.00
      1 3252.00
      1 327.00
      1 3278.00
      1 328.00
      1 3285.00
      1 3292.00
      1 3294.00
      1 330.00
      1 3315.00
      1 333.00
      1 3335.00
      1 334.00
      1 3347.00
      1 335.00
      1 33550.00
      1 3356.00
      1 3358.00
      1 336.00
      1 339.00
      1 3393.00
      1 3402.00
      1 34100.00
      1 3456.00
      1 3466.00
      1 3472.00
      1 3477.00
      1 3488.00
      1 353.00
      1 3552.00
      1 3570.00
      1 3575.00
      1 3587.00
      1 3596.00
      1 3608.00
      1 3611.00
      1 3624.00
      1 3632.00
      1 3634.00
      1 37.00
      1 3706.00
      1 371.00
      1 3741.00
      1 3750.00
      1 3757.00
      1 3768.00
      1 3792.00
      1 3796.00
      1 3797.00
      1 3800.00
      1 3855.00
      1 3859.00
      1 3892.00
      1 390.00
      1 3925.00
      1 3950.00
      1 4001.00
      1 4002.00
      1 4009.00
      1 405.00
      1 410.00
      1 411.00
      1 414.00
      1 420.00
      1 4200.00
      1 4215.00
      1 423.00
      1 4267.00
      1 4320.00
      1 434.00
      1 4376.00
      1 438.00
      1 4380.00
      1 4396.00
      1 4419.00
      1 4437.00
      1 4448.00
      1 4497.00
      1 4523.00
      1 4539.00
      1 4575.00
      1 4581.00
      1 47.00
      1 4715.00
      1 4725.00
      1 4745.00
      1 4751.00
      1 477.00
      1 484.00
      1 4887.00
      1 4909.00
      1 4937.00
      1 4948.00
      1 5087.00
      1 51.00
      1 5100.00
      1 5103.00
      1 5155.00
      1 5189.00
      1 5224.00
      1 5225.00
      1 5310.00
      1 5333.00
      1 5334.00
      1 5348.00
      1 5444.00
      1 5450.00
      1 5460.00
      1 548.00
      1 5481.00
      1 5494.00
      1 5508.00
      1 5550.00
      1 5580.00
      1 56.00
      1 5660.00
      1 5674.00
      1 568.00
      1 570.00
      1 5704.00
      1 5760.00
      1 5797.00
      1 5845.00
      1 5848.00
      1 5850.00
      1 5852.00
      1 590.00
      1 5907.00
      1 5913.00
      1 5925.00
      1 5931.00
      1 5950.00
      1 5952.00
      1 6006.00
      1 6008.00
      1 6010.00
      1 6014.00
      1 6028.00
      1 6032.00
      1 6076.00
      1 6082.00
      1 6090.00
      1 6110.00
      1 6125.00
      1 619.00
      1 62.00
      1 6240.00
      1 6295.00
      1 6314.00
      1 6319.00
      1 6348.00
      1 6364.00
      1 6375.00
      1 6391.00
      1 6448.00
      1 6468.00
      1 6490.00
      1 6491.00
      1 6512.00
      1 6525.00
      1 654.00
      1 6556.00
      1 6579.00
      1 6580.00
      1 660.00
      1 6605.00
      1 665.00
      1 6669.00
      1 6717.00
      1 675.00
      1 6766.00
      1 6840.00
      1 6885.00
      1 690.00
      1 6900.00
      1 6964.00
      1 6971.00
      1 700.00
      1 7050.00
      1 7056.00
      1 7066.00
      1 709.00
      1 7123.00
      1 715.00
      1 7150.00
      1 7182.00
      1 7192.00
      1 7200.00
      1 7226.00
      1 7246.00
      1 729.00
      1 7319.00
      1 732.00
      1 7337.00
      1 7371.00
      1 7372.00
      1 7379.00
      1 7385.00
      1 7398.00
      1 7417.00
      1 7476.00
      1 7479.00
      1 7506.00
      1 7542.00
      1 7553.00
      1 7559.00
      1 7644.00
      1 7672.00
      1 7686.00
      1 7693.00
      1 7700.00
      1 7727.00
      1 778.00
      1 7798.00
      1 7838.00
      1 795.00
      1 8004.00
      1 801.00
      1 8024.00
      1 8026.00
      1 8027.00
      1 810.00
      1 8125.00
      1 8136.00
      1 8138.00
      1 8142.00
      1 8173.00
      1 8187.00
      1 8222.00
      1 8231.00
      1 8240.00
      1 8245.00
      1 8264.00
      1 827.00
      1 828.00
      1 83.00
      1 8300.00
      1 8308.00
      1 8324.00
      1 8357.00
      1 8368.00
      1 840.00
      1 8400.00
      1 8498.00
      1 850.00
      1 856.00
      1 8575.00
      1 8627.00
      1 8631.00
      1 8646.00
      1 8652.00
      1 8658.00
      1 8727.00
      1 8730.00
      1 876.00
      1 8806.00
      1 8868.00
      1 8906.00
      1 8953.00
      1 898.00
      1 9050.00
      1 9051.00
      1 9052.00
      1 9085.00
      1 9094.00
      1 9098.00
      1 9100.00
      1 9112.00
      1 913.00
      1 915.00
      1 9176.00
      1 918.00
      1 9248.00
      1 927.00
      1 9300.00
      1 9416.00
      1 9436.00
      1 9504.00
      1 9566.00
      1 9570.00
      1 9577.00
      1 9596.00
      1 9623.00
      1 9630.00
      1 9675.00
      1 9703.00
      1 9751.00
      1 9799.00
      1 9827.00
      1 9840.00
      1 9844.00
      1 990.00
      1 9905.00
      1 9999.00
      1 SEATS
      2 10108.00
      2 10115.00
      2 10138.00
      2 10260.00
      2 10292.00
      2 10295.00
      2 10337.00
      2 1036.00
      2 10360.00
      2 10447.00
      2 10469.00
      2 1047.00
      2 1050.00
      2 10565.00
      2 10608.00
      2 10612.00
      2 10643.00
      2 1071.00
      2 1072.00
      2 10832.00
      2 1094.00
      2 1101.00
      2 11016.00
      2 1104.00
      2 1110.00
      2 11136.00
      2 1116.00
      2 11189.00
      2 11194.00
      2 11195.00
      2 1120.00
      2 11269.00
      2 11281.00
      2 11337.00
      2 11385.00
      2 1150.00
      2 11580.00
      2 11640.00
      2 1188.00
      2 11954.00
      2 11966.00
      2 12120.00
      2 12180.00
      2 12296.00
      2 123.00
      2 12350.00
      2 12400.00
      2 1242.00
      2 12480.00
      2 1260.00
      2 1268.00
      2 129.00
      2 1295.00
      2 130.00
      2 1305.00
      2 133.00
      2 1342.00
      2 13447.00
      2 1362.00
      2 13640.00
      2 13650.00
      2 13720.00
      2 13932.00
      2 1395.00
      2 14105.00
      2 1428.00
      2 1434.00
      2 14429.00
      2 14500.00
      2 1452.00
      2 1458.00
      2 1459.00
      2 1464.00
      2 14680.00
      2 1477.00
      2 148.00
      2 14854.00
      2 1488.00
      2 15040.00
      2 15092.00
      2 15190.00
      2 15254.00
      2 1530.00
      2 15410.00
      2 15469.00
      2 1547.00
      2 15572.00
      2 15612.00
      2 1568.00
      2 1575.00
      2 15762.00
      2 1606.00
      2 16126.00
      2 16306.00
      2 16380.00
      2 16536.00
      2 1656.00
      2 1660.00
      2 16680.00
      2 16779.00
      2 1688.00
      2 1696.00
      2 17.00
      2 1716.00
      2 1720.00
      2 1752.00
      2 1764.00
      2 185.00
      2 18666.00
      2 18724.00
      2 1884.00
      2 1893.00
      2 18972.00
      2 1900.00
      2 19034.00
      2 1950.00
      2 19588.00
      2 1962.00
      2 20010.00
      2 204.00
      2 2065.00
      2 2072.00
      2 2079.00
      2 209.00
      2 2106.00
      2 2128.00
      2 21439.00
      2 218.00
      2 222.00
      2 22295.00
      2 22387.00
      2 2304.00
      2 232.00
      2 2333.00
      2 2334.00
      2 2336.00
      2 2343.00
      2 2355.00
      2 237.00
      2 23700.00
      2 2376.00
      2 242.00
      2 2422.00
      2 2426.00
      2 245.00
      2 24940.00
      2 25382.00
      2 255.00
      2 2550.00
      2 2560.00
      2 257.00
      2 2610.00
      2 2618.00
      2 2646.00
      2 2658.00
      2 2664.00
      2 2669.00
      2 2673.00
      2 2691.00
      2 2715.00
      2 2769.00
      2 2770.00
      2 279.00
      2 2790.00
      2 28210.00
      2 2844.00
      2 2860.00
      2 2886.00
      2 289.00
      2 2892.00
      2 293.00
      2 2950.00
      2 2958.00
      2 2975.00
      2 2982.00
      2 299.00
      2 3004.00
      2 302.00
      2 3024.00
      2 3042.00
      2 3055.00
      2 3081.00
      2 3082.00
      2 3096.00
      2 3100.00
      2 3113.00
      2 3132.00
      2 3133.00
      2 3138.00
      2 3157.00
      2 316.00
      2 3168.00
      2 3192.00
      2 3224.00
      2 3234.00
      2 3240.00
      2 3276.00
      2 3297.00
      2 3306.00
      2 3311.00
      2 3360.00
      2 3366.00
      2 337.00
      2 3376.00
      2 340.00
      2 3420.00
      2 3442.00
      2 3450.00
      2 3464.00
      2 3478.00
      2 351.00
      2 3603.00
      2 3612.00
      2 3617.00
      2 3636.00
      2 3640.00
      2 365.00
      2 366.00
      2 3660.00
      2 3680.00
      2 369.00
      2 3697.00
      2 3705.00
      2 3737.00
      2 3835.00
      2 3840.00
      2 3848.00
      2 3857.00
      2 386.00
      2 39.00
      2 3945.00
      2 3969.00
      2 3978.00
      2 401.00
      2 4014.00
      2 4017.00
      2 4028.00
      2 4032.00
      2 4054.00
      2 4064.00
      2 4095.00
      2 4114.00
      2 4170.00
      2 4176.00
      2 422.00
      2 4239.00
      2 424.00
      2 4256.00
      2 4280.00
      2 4318.00
      2 4326.00
      2 4347.00
      2 442.00
      2 4452.00
      2 448.00
      2 4550.00
      2 4629.00
      2 471.00
      2 4712.00
      2 474.00
      2 4800.00
      2 4824.00
      2 4836.00
      2 486.00
      2 4862.00
      2 4873.00
      2 4876.00
      2 4888.00
      2 4893.00
      2 4942.00
      2 4981.00
      2 5037.00
      2 5044.00
      2 5057.00
      2 5063.00
      2 5074.00
      2 5107.00
      2 514.00
      2 516.00
      2 5256.00
      2 5276.00
      2 5300.00
      2 534.00
      2 5346.00
      2 5358.00
      2 5376.00
      2 5417.00
      2 5446.00
      2 5451.00
      2 5454.00
      2 5472.00
      2 5478.00
      2 5486.00
      2 5490.00
      2 5500.00
      2 5525.00
      2 5558.00
      2 5576.00
      2 5616.00
      2 562.00
      2 5650.00
      2 5673.00
      2 5712.00
      2 5729.00
      2 5808.00
      2 5814.00
      2 5836.00
      2 5859.00
      2 5880.00
      2 5903.00
      2 5908.00
      2 5911.00
      2 5915.00
      2 5916.00
      2 5936.00
      2 5940.00
      2 5943.00
      2 597.00
      2 6000.00
      2 6015.00
      2 6084.00
      2 6116.00
      2 6118.00
      2 6120.00
      2 6138.00
      2 6150.00
      2 6160.00
      2 6174.00
      2 618.00
      2 6192.00
      2 6200.00
      2 6239.00
      2 628.00
      2 630.00
      2 6306.00
      2 634.00
      2 6360.00
      2 6392.00
      2 6402.00
      2 6438.00
      2 6450.00
      2 6480.00
      2 6498.00
      2 6507.00
      2 6561.00
      2 6600.00
      2 663.00
      2 6650.00
      2 6659.00
      2 666.00
      2 672.00
      2 676.00
      2 6773.00
      2 68.00
      2 6813.00
      2 6831.00
      2 6851.00
      2 6864.00
      2 6902.00
      2 6908.00
      2 6947.00
      2 6970.00
      2 7040.00
      2 708.00
      2 7208.00
      2 7214.00
      2 7218.00
      2 7228.00
      2 7231.00
      2 7308.00
      2 7314.00
      2 7344.00
      2 7378.00
      2 7381.00
      2 740.00
      2 7410.00
      2 744.00
      2 7480.00
      2 7498.00
      2 7527.00
      2 7612.00
      2 7616.00
      2 7626.00
      2 7643.00
      2 7684.00
      2 7688.00
      2 7701.00
      2 7714.00
      2 7719.00
      2 7747.00
      2 7752.00
      2 776.00
      2 7783.00
      2 7830.00
      2 791.00
      2 7949.00
      2 7950.00
      2 798.00
      2 8074.00
      2 8091.00
      2 815.00
      2 8180.00
      2 8184.00
      2 8208.00
      2 8250.00
      2 8268.00
      2 8296.00
      2 8352.00
      2 836.00
      2 8405.00
      2 844.00
      2 8441.00
      2 8468.00
      2 85.00
      2 8511.00
      2 852.00
      2 8520.00
      2 8568.00
      2 86.00
      2 860.00
      2 8611.00
      2 8640.00
      2 8667.00
      2 868.00
      2 872.00
      2 8740.00
      2 8760.00
      2 8762.00
      2 8861.00
      2 8896.00
      2 8949.00
      2 9000.00
      2 9010.00
      2 9048.00
      2 9083.00
      2 9118.00
      2 912.00
      2 9274.00
      2 939.00
      2 9392.00
      2 9396.00
      2 945.00
      2 9486.00
      2 9517.00
      2 955.00
      2 9555.00
      2 9600.00
      2 9603.00
      2 9744.00
      2 98.00
      2 9920.00
      2 9951.00
      2 996.00
      2 9982.00
      3 10110.00
      3 1044.00
      3 10440.00
      3 105.00
      3 10540.00
      3 1056.00
      3 10916.00
      3 111.00
      3 1164.00
      3 11781.00
      3 1248.00
      3 1314.00
      3 1400.00
      3 14756.00
      3 158.00
      3 1638.00
      3 1872.00
      3 1944.00
      3 2030.00
      3 215.00
      3 221.00
      3 2340.00
      3 2392.00
      3 243.00
      3 2442.00
      3 2522.00
      3 2532.00
      3 254.00
      3 2592.00
      3 266.00
      3 2736.00
      3 2760.00
      3 2856.00
      3 2910.00
      3 294.00
      3 2940.00
      3 304.00
      3 3165.00
      3 33.00
      3 3348.00
      3 3408.00
      3 3520.00
      3 364.00
      3 370.00
      3 3783.00
      3 3798.00
      3 3844.00
      3 3965.00
      3 4074.00
      3 4088.00
      3 4199.00
      3 4234.00
      3 426.00
      3 4392.00
      3 4536.00
      3 456.00
      3 4606.00
      3 4693.00
      3 485.00
      3 5032.00
      3 5202.00
      3 5250.00
      3 550.00
      3 5675.00
      3 5870.00
      3 6072.00
      3 6208.00
      3 621.00
      3 6330.00
      3 64.00
      3 6720.00
      3 704.00
      3 7448.00
      3 748.00
      3 78.00
      3 780.00
      3 7888.00
      3 7980.00
      3 8556.00
      3 858.00
      3 8874.00
      3 888.00
      3 891.00
      4 10614.00
      4 1080.00
      4 1100.00
      4 11396.00
      4 1152.00
      4 116.00
      4 12679.00
      4 1287.00
      4 1296.00
      4 13552.00
      4 140.00
      4 1404.00
      4 1496.00
      4 14964.00
      4 15138.00
      4 1540.00
      4 1560.00
      4 1650.00
      4 1701.00
      4 1736.00
      4 1899.00
      4 1920.00
      4 195.00
      4 2041.00
      4 2100.00
      4 2120.00
      4 22196.00
      4 2250.00
      4 2321.00
      4 2385.00
      4 241.00
      4 2457.00
      4 2480.00
      4 2584.00
      4 273.00
      4 2784.00
      4 2850.00
      4 2976.00
      4 3007.00
      4 326.00
      4 3264.00
      4 344.00
      4 3600.00
      4 378.00
      4 380.00
      4 3828.00
      4 396.00
      4 4000.00
      4 42.00
      4 4752.00
      4 4774.00
      4 4896.00
      4 500.00
      4 5022.00
      4 504.00
      4 525.00
      4 5280.00
      4 5292.00
      4 5304.00
      4 5400.00
      4 5456.00
      4 5676.00
      4 631.00
      4 6634.00
      4 6660.00
      4 7130.00
      4 714.00
      4 725.00
      4 7290.00
      4 75.00
      4 756.00
      4 7656.00
      4 768.00
      4 7792.00
      4 8029.00
      4 816.00
      4 8618.00
      4 8700.00
      4 882.00
      4 8959.00
      4 9099.00
      4 920.00
      4 9918.00
      4 992.00
      5 1200.00
      5 135.00
      5 153.00
      5 168.00
      5 1746.00
      5 224.00
      5 2240.00
      5 2280.00
      5 234.00
      5 238.00
      5 2400.00
      5 25575.00
      5 261.00
      5 270.00
      5 3120.00
      5 3128.00
      5 3400.00
      5 342.00
      5 3654.00
      5 40.00
      5 429.00
      5 4350.00
      5 440.00
      5 4488.00
      5 4650.00
      5 528.00
      5 5984.00
      5 640.00
      5 650.00
      5 8160.00
      5 8432.00
      5 8525.00
      5 864.00
      5 96.00
      5 9856.00
      6 1008.00
      6 10092.00
      6 10788.00
      6 11377.00
      6 122.00
      6 1386.00
      6 1680.00
      6 1740.00
      6 2040.00
      6 211.00
      6 2160.00
      6 247.00
      6 250.00
      6 25234.00
      6 2700.00
      6 2720.00
      6 275.00
      6 28.00
      6 2826.00
      6 34.00
      6 35.00
      6 357.00
      6 3944.00
      6 4500.00
      6 4698.00
      6 482.00
      6 552.00
      6 57.00
      6 584.00
      6 626.00
      6 6264.00
      6 6882.00
      6 71.00
      6 730.00
      6 7440.00
      6 7750.00
      6 792.00
      6 800.00
      6 84.00
      6 9222.00
      6 95.00
      6 960.00
      7 11.00
      7 1218.00
      7 1500.00
      7 1728.00
      7 188.00
      7 189.00
      7 2232.00
      7 2268.00
      7 297.00
      7 306.00
      7 314.00
      7 350.00
      7 362.00
      7 400.00
      7 432.00
      7 4352.00
      7 4867.00
      7 5046.00
      7 5742.00
      7 648.00
      7 720.00
      7 936.00
      8 114.00
      8 1550.00
      8 2262.00
      8 228.00
      8 3536.00
      8 496.00
      8 55.00
      8 5568.00
      8 582.00
      8 595.00
      8 624.00
      8 7.00
      8 74.00
      8 9548.00
      9 180.00
      9 21.00
      9 216.00
      9 4050.00
      9 616.00
      9 873.00
      9 9021.00
     10 10602.00
     10 1350.00
     10 1360.00
     10 2176.00
     10 225.00
     10 2436.00
     10 272.00
     10 292.00
     10 2992.00
     10 3480.00
     10 3672.00
     10 476.00
     10 48.00
     10 5440.00
     10 572.00
     10 6960.00
     11 1512.00
     11 163.00
     11 171.00
     11 194.00
     11 32.00
     11 352.00
     11 3720.00
     11 388.00
     11 576.00
     11 66.00
     11 750.00
     11 80.00
     12 117.00
     12 132.00
     12 14.00
     12 1440.00
     12 172.00
     12 1904.00
     12 345.00
     12 360.00
     12 450.00
     12 522.00
     12 900.00
     12 97.00
     13 200.00
     13 240.00
     13 320.00
     13 600.00
     14 102.00
     14 1800.00
     14 2312.00
     14 372.00
     14 408.00
     14 470.00
     14 480.00
     15 176.00
     15 2088.00
     15 288.00
     15 300.00
     15 4872.00
     16 162.00
     16 291.00
     16 620.00
     16 870.00
     17 108.00
     17 220.00
     17 2448.00
     17 252.00
     17 38.00
     17 3808.00
     18 10385.00
     18 138.00
     18 1632.00
     18 25.00
     18 286.00
     18 308.00
     18 468.00
     18 65.00
     19 152.00
     19 20.00
     19 5220.00
     20 160.00
     20 4524.00
     20 952.00
     21 13.00
     21 207.00
     22 24.00
     22 264.00
     23 276.00
     23 70.00
     24 1768.00
     24 696.00
     24 81.00
     25 157.00
     25 88.00
     27 146.00
     27 19.00
     27 54.00
     27 90.00
     28 137.00
     28 63.00
     29 174.00
     29 60.00
     30 175.00
     30 45.00
     31 198.00
     31 348.00
     31 680.00
     32 15.00
     33 248.00
     34 1566.00
     35 1392.00
     35 4080.00
     36 16.00
     36 181.00
     37 136.00
     37 69.00
     38 72.00
     39 144.00
     40 2.00
     40 312.00
     42 1088.00
     43 119.00
     43 3.00
     45 120.00
     50 1224.00
     51 5394.00
     55 124.00
     56 4216.00
     56 44.00
     57 150.00
     58 36.00
     59 58.00
     63 4.00
     64 8.00
     67 126.00
     69 10.00
     69 100.00
     69 27.00
     85 156.00
     85 544.00
     94 12.00
    103 76.00
    130 5.00
    139 30.00
    154 18.00
    189 6.00
    190 143.00
    236 99.00
    361 50.00
    413 9.00
   1814 0.00
